3 0.7839229796875 0 0.838413409375 0.12485180468749998 0.9096460953125 0.076218 0.8768841500000001 0 0.7839229796875 0
3 0.700360184375 0 0.76401515 0.1658548296875 0.8377545812499999 0.1222093890625 0.78474421875 0 0.700360184375 0
3 1 0.5006590359375 0.9976240578125 0.4949317046875 0.8956196375 0.531590990625 0.99624319375 0.7983976484374999 1 0.7970932203125 1 0.5006590359375
3 0.8986566406250001 0.5336404625 0.8027422109375 0.5491345703125 0.8868471078125 0.8256731546875 0.996902021875 0.8010400656250001 0.8986566406250001 0.5336404625
3 0.699821821875 0.5719888234375 0.6139343734375 0.607436378125 0.67784075625 0.86375088125 0.778913228125 0.8385506843750001 0.699821821875 0.5719888234375
3 0.23286474375 0.9634691343749999 0.2010477515625 0.724413984375 0.148856453125 0.7430401015625 0.15319585468750002 0.9833328203124999 0.23286474375 0.9634691343749999
3 0 0.4398952515625 0.0349277546875 0.41780378437500004 0.03650183125 0.2265569484375 0 0.2493788421875 0 0.4398952515625
3 0.03650183125 0.2265569484375 0.03439749375 0.42074267499999995 0.095442665625 0.39710235781250003 0.093047790625 0.2152651390625 0.03650183125 0.2265569484375
3 0.0880343 0.20528841406249998 0.0947838375 0.3944599421875 0.1533062828125 0.391095384375 0.14392143125 0.1913541875 0.0880343 0.20528841406249998
3 0.14511051875 0.1910577140625 0.1523903171875 0.3772903515625 0.21065562343750002 0.3627631796875 0.19902116406249998 0.169196234375 0.14511051875 0.1910577140625
3 0.19704467812499998 0.1612689828125 0.21184471093749999 0.36246670625 0.27407897187499997 0.338529915625 0.2583469890625 0.14879128125000002 0.19704467812499998 0.1612689828125
3 0.251742721875 0.147631228125 0.273950403125 0.3329486078125 0.33763089062499996 0.3198779609375 0.313446721875 0.126633328125 0.251742721875 0.147631228125
3 0.30909206093749997 0.11929902187500001 0.338819978125 0.3195814875 0.40224332656249995 0.295348225 0.367887628125 0.101832959375 0.30909206093749997 0.11929902187500001
1 0.36076908125 0.0783476734375 0.40409124375000005 0.2976941703125 0.4745045671875 0.29136488437499997 0.42986475 0.066733553125 0.36076908125 0.0783476734375
1 0.4288042296875 0.072611334375 0.4735886015625 0.27755985 0.5392615562499999 0.247152334375 0.490909921875 0.0430932359375 0.4288042296875 0.072611334375
1 0.506211203125 0 0.506110925 0.028076471874999998 0.489849403125 0.0489710171875 0.5379438984375 0.2418674984375 0.61680940625 0.2390442109375 0.557225725 0.040592259375 0.5416390125 0.0388651 0.5325439796875 0.0074525609375 0.5278650328125 0 0.506211203125 0
1 0.57477008125 0 0.5711090703124999 0.020290659375 0.5593467609375 0.028836696875 0.6110085187500001 0.22084376093750002 0.6813092546874999 0.1836690453125 0.6300172234375 0.033670028125 0.6144305125 0.03194286875 0.610477540625 0.0160883625 0.6027830484375001 0 0.57477008125 0
1 0.61976450625 0 0.6826269125 0.1889538796875 0.760190746875 0.155581634375 0.7032082125 0 0.61976450625 0
1 0.8227801921875001 0.614305590625 0.8131708812499999 0.5605678203125 0.801295984375 0.5382684265625 0.77396294375 0.51982318125 0.758761940625 0.53483994375 0.703115965625 0.5852009093749999 0.7790417984375 0.8441319921874999 0.8402155406249999 0.8260729843749999 0.8450844796875 0.855732521875 0.8564451 0.8557066828125001 0.8551434234374999 0.8251577265625001 0.8843403625 0.8206847921874999 0.8824924453125 0.8183388484374999 0.8306861359375001 0.6460146 0.8227801921875001 0.614305590625
1 0.5438101515625 0.574400034375 0.5305696515625 0.622608175 0.57729854375 0.8860121890625001 0.6667532578124999 0.8496752140625 0.6131469765625 0.599212653125 0.5984922125 0.5860264046875 0.5619195890625 0.5558514359375 0.5438101515625 0.574400034375
1 0.4948970140625 0.6315023625 0.48368094531250005 0.6118453859375 0.467065678125 0.5654677625 0.4539857109375 0.5687289640625 0.4527646609375 0.6195536828125 0.4449553234375 0.643954225 0.4910253875 0.9047158218750001 0.5165264921875 0.8955509984375001 0.5347325374999999 0.9331119515624999 0.537930075 0.8902144859375 0.5722850546875 0.8760354640625 0.526472128125 0.626436484375 0.5010995921875 0.6411826125 0.4948970140625 0.6315023625
1 0.40005908437500004 0.6158545656250001 0.3873967875 0.5853314468749999 0.37287059375 0.57772650625 0.3673108625 0.59595279375 0.36808228125000003 0.6294406421875001 0.375988225 0.6611496531250001 0.36607383125 0.6720416359375 0.39708744375 0.92813718125 0.4870564328125 0.9141254390625001 0.44824946718750003 0.6571663125 0.414569296875 0.6487236281250001 0.406663353125 0.6170146187500001 0.40005908437500004 0.6158545656250001
1 0.3157624125 0.64248545 0.30242530625 0.6345840359375 0.2841872984375 0.6475513296875001 0.2758477015625 0.6748907609375 0.2853444234375 0.6977831015625 0.289554534375 0.7248002234375 0.3102840265625 0.949779703125 0.393391609375 0.9234452921875 0.3647561734375 0.6667568 0.3379374109375 0.6706367875 0.3255322546875 0.651276284375 0.3157624125 0.64248545
1 0.2216958984375 0.6603255015625 0.206366325 0.6697609578125 0.1953754328125 0.7117948421875 0.20708979843750003 0.7790411734375 0.211042771875 0.7948956796875 0.2137906734375 0.8363107796874999 0.20519393749999998 0.8524875968750001 0.207813271875 0.8883213890625001 0.213614159375 0.9065218390625001 0.2270958171875 0.8947404390625 0.2298277390625 0.9614196625 0.257964159375 0.9628245124999999 0.2702567265625 0.9513395828125001 0.31015545625 0.9441983953124999 0.2824519703125 0.676050815625 0.2519373734375 0.6752389109375 0.24004649531250002 0.6782036406249999 0.2216958984375 0.6603255015625