2 0.9706673109375 0 0.969383915625 0.007828725 0.9701779484375 0.016520904687499997 0.9760843703125 0.0451993453125 0.980609659375 0.0553962109375 0.983137340625 0.064572846875 0.9848519828125 0.0645129703125 0.9825991390625 0 0.9706673109375 0
3 0.9939760328125 0.3257916171875 0.993766940625 0.31980398125 0.9876155703125 0.29113409375 0.9823532734375 0.2738780390625 0.9773717828124999 0.25061724218750003 0.9751058984375 0.234891534375 0.9725613671875 0.23225541875000003 0.969919634375 0.2198128015625 0.968128959375 0.21769535625 0.9575788765625 0.1613843640625 0.9552602859375 0.158195365625 0.9414481171875 0.1559527265625 0.9217761843750001 0.1544597078125 0.9117332859375 0.1548104140625 0.9108105171875 0.1564776203125 0.9105297109375 0.1624823625 0.911775625 0.1700687765625 0.9307196328125 0.2560613296875 0.9400194828125 0.29061620781249997 0.9404186593749999 0.30204715000000004 0.9436241624999999 0.30956513124999996 0.9487322296875 0.315381690625 0.9523114187499999 0.3125317296875 0.9603567109375 0.3111607953125 0.96591881875 0.3229564359375 0.97618981875 0.329137696875 0.983555128125 0.3223405625 0.988116271875 0.3265412390625 0.9939760328125 0.3257916171875
3 0.8855881609375 0.30505186093750003 0.940891709375 0.3085705609375 0.907115115625 0.1489767453125 0.8552957140625 0.13988643437499998 0.8855881609375 0.30505186093750003
3 0.826705421875 0.3043831203125 0.887752521875 0.2968013640625 0.8550105875 0.1317214765625 0.798672378125 0.13368885 0.826705421875 0.3043831203125
3 0.769047428125 0.3036716109375 0.8254806796875 0.3044258890625 0.79518823125 0.1392604609375 0.7396945968749999 0.13029845625 0.769047428125 0.3036716109375
3 0.7025311015625 0.295094525 0.7651831125 0.2983566125 0.7386599390625 0.13578453125 0.68071681875 0.1269080625 0.7025311015625 0.295094525
3 0.63771473125 0.300082934375 0.700081615625 0.2951800625 0.6793970328125 0.1242291796875 0.61928955 0.12360320625000001 0.63771473125 0.300082934375
3 0.5741231015625 0.305028575 0.6401642171875 0.299997396875 0.62051429375 0.12356043750000001 0.556542496875 0.11761946718750001 0.5741231015625 0.305028575
3 0.50553745625 0.3074236375 0.5728983578125 0.30507134375 0.5553177546875 0.1176622359375 0.49266574375000005 0.11440014999999999 0.50553745625 0.3074236375
1 0.437321175 0.28528105937500003 0.5046820765625 0.282928765625 0.49360535937499994 0.10619242343749999 0.4268989484375 0.0921720328125 0.437321175 0.28528105937500003
1 0.3623266859375 0.279725009375 0.43477664687499995 0.28264494375 0.42669805937499994 0.051304475 0.35537779999999997 0.04562011875 0.3623266859375 0.279725009375
1 0.290911384375 0.2713190015625 0.36722566093750003 0.27955393281249996 0.35782728750000004 0.04553458125 0.2874466453125 0.0316424984375 0.290911384375 0.2713190015625
1 0.213372365625 0.2631268375 0.2910064265625 0.27404065312500003 0.28876643281250003 0.03432138125 0.2136768984375 0.026043679687499998 0.213372365625 0.2631268375
1 0.1307442875 0.24966244375 0.21130304687499998 0.2740989859375 0.21857587343749998 0.025872603124999997 0.13971706875 0.01500155625 0.1307442875 0.24966244375
1 0.7741494953125 0.6604647124999999 0.69699064375 0.6631591578125 0.7294798671875 0.9263468484375 0.8092782890624999 0.92901016875 0.7741494953125 0.6604647124999999
1 0.6237911515625 0.6738902546875 0.6499665718750001 0.9318484843749999 0.72816008125 0.9236679640625001 0.6954807734374999 0.6550369703125 0.6237911515625 0.6738902546875
1 0.544457134375 0.6494109453125 0.5680037890625 0.9374356609375001 0.6484567015625 0.9237262953125001 0.6210457328125 0.6303865828124999 0.544457134375 0.6494109453125
1 0.4676784546875 0.6629920015625 0.48368656093749995 0.945830025 0.5692285328125 0.9373928906250001 0.5431373484375001 0.6467320625 0.4676784546875 0.6629920015625
1 0.387225540625 0.6767013656249999 0.3922109546875 0.959924309375 0.4821766890625 0.9377078359375 0.4640992640625 0.6658419609374999 0.387225540625 0.6767013656249999
3 0.2974304828125 0.949609259375 0.395600059375 0.9516310453125 0.387225540625 0.6767013656249999 0.29678459375 0.6853095765624999 0.2974304828125 0.949609259375
1 0.2402085296875 1 0.24382688749999998 0.959656053125 0.2992254796875 0.9658964046875 0.2956548921875 0.688073996875 0.2051189046875 0.69396055625 0.2000212421875 0.96936069375 0.23057811875 1 0.2402085296875 1
3 0.130934371875 0.25510575 0.1400021953125 0.023166515625000002 0.06368792031250001 0.014931581250000001 0.049721121875 0.2470418921875 0.130934371875 0.25510575
3 0.0164047359375 0.9784976953125 0.10355162031250001 0.9809044015625 0.11420274687500001 0.688960503125 0.016508381250000002 0.7005469796875 0.0164047359375 0.9784976953125
3 0.10223183437500001 0.9782255187500001 0.2000212421875 0.96936069375 0.20041001406249997 0.6995749375 0.1081740703125 0.6918960000000001 0.10223183437500001 0.9782255187500001
3 0 0.2600800671875 0.0501963328125 0.2606501546875 0.070012528125 0.05558529375 0 0.051280215625 0 0.2600800671875
3 0.8137970953125 0.9179524828125001 0.886056971875 0.9154291109375 0.8483944515624999 0.6796717937500001 0.7717000078125 0.66055025 0.8137970953125 0.9179524828125001