3 0.0318627453125 0.0054466234375 0.030637254687499997 0 0 0.187908496875 0.080882353125 0.2178649234375 0.1139705875 0.0217864921875 0.0318627453125 0.0054466234375
3 0.1629901953125 0.23965141562499997 0.188725490625 0.0299564265625 0.1139705875 0.014135284375000001 0.1139705875 0.01633986875 0.080882353125 0.2151416125 0.1629901953125 0.23965141562499997
3 0 0.9014161218750001 0.09068627500000001 0.90958605625 0.12377450937500001 0.6263616562500001 0.015931371875 0.615468409375 0 0.721677559375 0 0.9014161218750001
3 0.09068627500000001 0.9123093687500001 0.203431371875 0.90958605625 0.2181372546875 0.6209150328125 0.1213235296875 0.6290849671875 0.09068627500000001 0.9123093687500001
3 0.311274509375 0.8959694984375 0.4154411765625 0.8959694984375 0.4154411765625 0.6318082781250001 0.3235294125 0.6181917218749999 0.311274509375 0.8959694984375
3 0.953431371875 0.885076253125 0.8995098046875001 0.650871459375 0.8443627453125 0.6454248359375 0.8713235296875 0.885076253125 0.953431371875 0.885076253125
3 0.9997549015624999 0.20424836562499998 0.9828431375 0.14161220000000002 0.936274509375 0.13888888906250002 0.9889705875000001 0.3267973859375 0.9997549015624999 0.20424836562499998
3 0.8835784312499999 0.12254902031249999 0.9313725484375001 0.3077342046875 0.9889705875000001 0.3267973859375 0.9338235296875 0.13888888906250002 0.8835784312499999 0.12254902031249999
3 0.8259803921875 0.12527233124999998 0.8676470593750001 0.30228758125 0.9325980390625 0.310457515625 0.8835784312499999 0.12254902031249999 0.8259803921875 0.12527233124999998
3 0.7708333328125 0.114379084375 0.8100490203125 0.310457515625 0.8676470593750001 0.2995642703125 0.828431371875 0.114379084375 0.7708333328125 0.114379084375
3 0.7120098046875001 0.10620915 0.7475490203125 0.296840959375 0.8075980390625 0.296840959375 0.76960784375 0.114379084375 0.7120098046875001 0.10620915
3 0.6495098046875001 0.1007625265625 0.6801470593750001 0.2886710234375 0.7463235296875 0.296840959375 0.7120098046875001 0.098039215625 0.6495098046875001 0.1007625265625
3 0.590686275 0.0925925921875 0.6139705875 0.2859477125 0.67892156875 0.2832244015625 0.6556372546875 0.098039215625 0.590686275 0.0925925921875
3 0.5318627453125 0.081699346875 0.5453431375 0.27777777812500004 0.6127450984375 0.2859477125 0.5931372546875 0.0844226578125 0.5318627453125 0.081699346875
1 0.46323529375000005 0.06263616562499999 0.47426470624999995 0.2913943359375 0.544117646875 0.28050108906250004 0.5330882359375 0.0571895421875 0.46323529375000005 0.06263616562499999
1 0.3982843140625 0.05446623125 0.40073529375000005 0.2641612203125 0.47181372499999996 0.27777777812500004 0.46568627500000004 0.06808278906250001 0.3982843140625 0.05446623125
1 0.359068628125 0 0.34926470625 0.0299564265625 0.348039215625 0.06263616562499999 0.3333333328125 0.06808278906250001 0.3235294125 0.275054465625 0.40073529375000005 0.258714596875 0.40073529375000005 0.059912854687499996 0.3799019609375 0.043572984375 0.3688725484375 0 0.359068628125 0
1 0.27573529375 0.0571895421875 0.27573529375 0.0735294125 0.2610294125 0.078976034375 0.2475490203125 0.23692810468749997 0.32475490156250003 0.2559912859375 0.328431371875 0.0571895421875 0.31495097968749997 0.05174291875 0.296568628125 0.010893246875 0.2818627453125 0.01906318125 0.2818627453125 0.027233115625 0.27573529375 0.0571895421875
1 0.20098039218750002 0 0.203431371875 0.01633986875 0.1985294125 0.032679739062500004 0.1936274515625 0.059912854687499996 0.1825980390625 0.0571895421875 0.1642156859375 0.22875817031249998 0.2475490203125 0.242374728125 0.2634803921875 0.035403050000000005 0.23529411718749998 0.032679739062500004 0.234068628125 0 0.22426470625 0 0.20833333281250002 0 0.20098039218750002 0
1 0.3235294125 0.6318082781250001 0.257352940625 0.596405228125 0.23897058750000003 0.5855119828124999 0.2169117640625 0.6100217859375 0.2107843140625 0.634531590625 0.214460784375 0.6889978218749999 0.214460784375 0.721677559375 0.20588235312499997 0.9014161218750001 0.20465686249999998 0.9041394328125 0.234068628125 0.9014161218750001 0.24019607812500002 0.9313725484375001 0.251225490625 0.9286492375 0.248774509375 0.8986928109375001 0.3125 0.9014161218750001 0.3235294125 0.6318082781250001
1 0.42524509843749997 0.607298475 0.4142156859375 0.6236383437499999 0.4227941171875 0.8796296296874999 0.518382353125 0.8932461875 0.5 0.6263616562500001 0.4754901953125 0.5827886703125 0.453431371875 0.5691721140625 0.42524509843749997 0.607298475
1 0.5747549015625 0.6045751640625 0.561274509375 0.5555555562500001 0.5477941171875 0.5555555562500001 0.54289215625 0.6045751640625 0.53676470625 0.6263616562500001 0.5330882359375 0.6372549015625 0.5049019609375 0.6290849671875 0.5208333328125 0.8823529406249999 0.5575980390625 0.8877995640625 0.57107843125 0.9286492375 0.5796568625 0.8877995640625 0.606617646875 0.8905228765625001 0.58823529375 0.6263616562500001 0.5747549015625 0.6045751640625
1 0.651960784375 0.5610021781250001 0.6421568625 0.544662309375 0.6299019609375 0.5555555562500001 0.625 0.58823529375 0.6188725484375001 0.59095860625 0.6188725484375001 0.6236383437499999 0.58823529375 0.6399782140625 0.6127450984375 0.8986928109375001 0.703431371875 0.8905228765625001 0.671568628125 0.634531590625 0.659313725 0.6263616562500001 0.659313725 0.5936819171875001 0.651960784375 0.5610021781250001
1 0.7450980390625 0.59095860625 0.72426470625 0.5827886703125 0.71323529375 0.5936819171875001 0.705882353125 0.6045751640625 0.6985294125 0.6263616562500001 0.671568628125 0.6290849671875 0.705882353125 0.885076253125 0.79289215625 0.8905228765625001 0.75857843125 0.6672113296875 0.7561274515624999 0.6399782140625 0.759803921875 0.615468409375 0.7450980390625 0.59095860625
1 0.876225490625 0.8251633984375 0.8774509796875 0.8061002171875 0.8713235296875 0.7706971671875 0.859068628125 0.757080609375 0.8517156859374999 0.7162309375 0.8517156859374999 0.6998910671874999 0.846813725 0.6318082781250001 0.8259803921875 0.5936819171875001 0.8088235296875 0.58823529375 0.7953431375 0.6100217859375 0.7830882359375 0.6100217859375 0.7536764703125 0.6181917218749999 0.7916666671875 0.885076253125 0.83210784375 0.8823529406249999 0.846813725 0.8905228765625001 0.873774509375 0.8823529406249999 0.8602941171875 0.8169934640625 0.876225490625 0.8251633984375