3 0 0.2973152109375 0.0347488140625 0.30301995625 0.0298155953125 0.10423050625000001 0 0.1040977546875 0 0.2973152109375
3 0.02877633125 0.0988839515625 0.034229181250000004 0.30034668125 0.11950516250000001 0.30873925468749996 0.10475593750000001 0.09798642656249999 0.028355676562499998 0.096719871875 0.02877633125 0.0988839515625
3 0.0468574875 0.7057115781250001 0.051484481250000005 0.8130092156250001 0.085780215625 0.9894454749999999 0.176359225 0.980161546875 0.154797771875 0.6958272453125 0.0468574875 0.7057115781250001
3 0.17687885781249998 0.982834825 0.2870328765625 0.95864876875 0.24638754375 0.6724754296875 0.15291145625 0.6989681890624999 0.17687885781249998 0.982834825
3 0.3902964703125 0.9247049453124999 0.492549303125 0.9048290078125 0.442144965625 0.6455211734375 0.3493237171875 0.6496923828125001 0.3902964703125 0.9247049453124999
3 1 0.749691 0.920957315625 0.5718694609375 0.8657841984375001 0.5770454625 0.937977284375 0.8071494484375 1 0.795093453125 1 0.749691
3 0.9341409234375 0.114324425 0.9055883328125001 0.0560659796875 0.8593556703124999 0.062278417187500004 0.946938203125 0.23667961875 0.9341409234375 0.114324425
3 0.8045099734375001 0.056293642187500006 0.8867609765625 0.22895690625 0.946938203125 0.23667961875 0.856949721875 0.0627460859375 0.8045099734375001 0.056293642187500006
3 0.7484898046875 0.0699571421875 0.8231670390625 0.2357697484375 0.8884835843750001 0.23139634843749998 0.8045099734375001 0.056293642187500006 0.7484898046875 0.0699571421875
3 0.692277421875 0.069786590625 0.7681861359375 0.25477980312500004 0.8226474078124999 0.2330964734375 0.7488172234375 0.0587963671875 0.692277421875 0.069786590625
3 0.6329757515625001 0.07299081874999999 0.704236275 0.2533389828125 0.763182025 0.24188109062500002 0.6910744484375 0.070020425 0.6329757515625001 0.07299081874999999
3 0.5705847875 0.07956982812499999 0.63651378125 0.258180053125 0.7030333 0.2535728171875 0.6314168546875 0.0649709890625 0.5705847875 0.07956982812499999
3 0.5112831140625 0.08277405625 0.571033525 0.2681338421875 0.6342715421875 0.253067334375 0.5760800265625 0.0757273796875 0.5112831140625 0.08277405625
3 0.451461809375 0.083305009375 0.5021080578125 0.2732087484375 0.5698305515625 0.2683676765625 0.512130165625 0.0742865578125 0.451461809375 0.083305009375
1 0.3804578109375 0.07768680781250001 0.4349336984375 0.300137534375 0.5014247140625 0.2761158578125 0.44798809375 0.059011684375 0.3804578109375 0.07768680781250001
1 0.3151412671875 0.082060209375 0.35755890468749996 0.28743484218750004 0.42992958750000004 0.2872388203125 0.383903025 0.0825656921875 0.3151412671875 0.082060209375
1 0.27587723125 0.03420670625 0.2662534359375 0.03607738125 0.26234559687500003 0.0673541015625 0.267378209375 0.09966725625 0.2539817796875 0.1078198234375 0.2838500421875 0.3128595234375 0.356519640625 0.28208828750000003 0.3185864796875 0.08693909375 0.2950181203125 0.0748746203125 0.27587723125 0.03420670625
1 0.1941034703125 0.0695218953125 0.19566236718750002 0.07754172499999999 0.19536345 0.10811694062499999 0.19848124375 0.1241566015625 0.185084815625 0.13230916875 0.20199077187499997 0.28993139375 0.281415590625 0.2939127546875 0.2470913515625 0.0980620546875 0.23281936875000003 0.09528768125 0.2069802671875 0.0586960515625 0.1941034703125 0.0695218953125
1 0.1509886 0.0917739921875 0.1435500390625 0.05992850625 0.1339262421875 0.0617991828125 0.1182875734375 0.06483903125 0.1110697265625 0.06624203906250001 0.11659346875000001 0.0818140296875 0.1148993671875 0.098789028125 0.1152837921875 0.12645713281249998 0.10393738906250001 0.12588836718750002 0.11862960781250001 0.2978123140625 0.2030300359375 0.2952779484375 0.17917664687499998 0.08906907343750001 0.1509886 0.0917739921875
1 0.2871965875 0.9530683812499999 0.31554834375 0.9447830749999999 0.3272791703125 0.9730199453124999 0.337586309375 0.9682421578125 0.3294644046875 0.939303784375 0.392538709375 0.9298176640625 0.3519218796875 0.6630587640625001 0.2802060359375 0.640933234375 0.2600828890625 0.6337476468750001 0.2431060390625 0.6620161578125 0.2417678578125 0.6872448203125 0.255769428125 0.7400088499999999 0.262005015625 0.7720881687500001 0.2878799296875 0.9501612703125 0.2871965875 0.9530683812499999
1 0.43938309374999995 0.637735178125 0.49664935468750004 0.8873863406250001 0.593079528125 0.8825136296875 0.524110940625 0.6240400375 0.4917373328125 0.5859443 0.4674856296875 0.576786940625 0.4470920703125 0.6195910078125 0.43938309374999995 0.637735178125
1 0.6305354453125 0.8696843703124999 0.65156265 0.9072113390625001 0.6521889875 0.8654753484375 0.6791740578125001 0.863004265625 0.610725103125 0.6072039484375 0.593335325 0.588389915625 0.5707492234375 0.5428431171875 0.5575165046875 0.545415296875 0.5620579890624999 0.5944696140625 0.5602001750000001 0.617025 0.55866978125 0.6284196093750001 0.5294424703125 0.625777975 0.593406946875 0.8713528531250001 0.6305354453125 0.8696843703124999
1 0.7742090421875 0.8445313359375 0.6940862671875 0.5993230281249999 0.6804976234375 0.5936415453125 0.6742620359375 0.5615622250000001 0.6608086015625 0.5308859109374999 0.6480670109375 0.5167169281249999 0.6381157953125001 0.52974838125 0.6395394859375 0.5627630390625 0.6340442453125 0.5666054890625001 0.6402798328125 0.5986848078125 0.613323265625 0.6205703328125 0.686747828125 0.8698549218749999 0.7742090421875 0.8445313359375
1 0.78573304375 0.6148000953125 0.778130771875 0.5885349984375 0.777063003125 0.5637740046874999 0.75795061875 0.5425205296875 0.7359411546875 0.5384758859375001 0.7271929140625 0.5512735046875 0.722053596875 0.56336961875 0.718992809375 0.5861588390625 0.6930470015625 0.5939764750000001 0.775575728125 0.8387171125 0.8620261796875001 0.8274614140625 0.78573304375 0.6148000953125
1 0.8199856593750001 0.5276878546875 0.8109099984375 0.5516462484375 0.7988802546875 0.55398459375 0.7715677624999999 0.5676164546875 0.8597839421875 0.8223486937500001 0.8989624671875 0.8119588765625 0.9149570578124999 0.8171726921875001 0.9398636 0.8040085015624999 0.9141597031250001 0.7424220421875 0.9313572703125 0.7474020234375 0.9289228171874999 0.7284552515625 0.9161527250000001 0.6948718281249999 0.9015248187499999 0.683843790625 0.8865124859375 0.64514765 0.8833946921875 0.6291079890625 0.8655919859375001 0.5632114109375 0.8378665671875 0.529760725 0.8199856593750001 0.5276878546875