2 0.9916666671875 0 0.9889705875000001 0.0054466234375 0.9892156859375 0.009803921875 0.986274509375 0.0245098046875 0.98676470625 0.0332244015625 0.9916666671875 0.062091503125 0.9958333328125001 0.0724400875 0.998039215625 0.081699346875 0.9997549015624999 0.081699346875 0.9997549015624999 0 0.9916666671875 0
3 0.95 0.32516339843750003 0.9549019609375 0.331154684375 0.95857843125 0.328431371875 0.9666666671874999 0.3273420484375 0.971813725 0.33932461875 0.9818627453125 0.3458605671875 0.9894607843750001 0.33932461875 0.9938725484375001 0.34368191718749996 0.9997549015624999 0.3431372546875 0.9997549015624999 0.33714596874999997 0.9946078437500001 0.30827886718749997 0.9899509796875 0.2908496734375 0.9857843140625 0.26742919375 0.984068628125 0.2516339875 0.981617646875 0.248910675 0.9794117640625 0.23638344218750001 0.977696078125 0.23420479374999997 0.9691176468749999 0.1775599125 0.9669117640625 0.1742919390625 0.953186275 0.171568628125 0.93357843125 0.169389978125 0.9235294125 0.169389978125 0.9225490203125 0.171023965625 0.9220588234375 0.17701525 0.923039215625 0.18464052343749998 0.9389705875000001 0.2712418296875 0.9470588234375 0.30610021718749997 0.9470588234375 0.3175381265625 0.95 0.32516339843750003
3 0.8921568625 0.3186274515625 0.9473039218749999 0.3240740734375 0.919117646875 0.1633986921875 0.8676470593750001 0.152505446875 0.8921568625 0.3186274515625
3 0.8333333328125001 0.31590413906250003 0.89460784375 0.310457515625 0.8676470593750001 0.1443355125 0.811274509375 0.1443355125 0.8333333328125001 0.31590413906250003
3 0.77573529375 0.31318082812500003 0.83210784375 0.31590413906250003 0.8075980390625 0.14978213437500001 0.7524509796875 0.13888888906250002 0.77573529375 0.31318082812500003
3 0.7095588234375 0.30228758125 0.7720588234375 0.3077342046875 0.751225490625 0.1443355125 0.6936274515624999 0.133442265625 0.7095588234375 0.30228758125
3 0.64460784375 0.30501089375 0.70710784375 0.30228758125 0.6924019609375 0.1307189546875 0.6323529406249999 0.12799564218749998 0.64460784375 0.30501089375
3 0.580882353125 0.3077342046875 0.6470588234375 0.30501089375 0.63357843125 0.12799564218749998 0.5698529406249999 0.11982570781249999 0.580882353125 0.3077342046875
3 0.5122549015625 0.3077342046875 0.5796568625 0.3077342046875 0.5686274515624999 0.11982570781249999 0.5061274515624999 0.114379084375 0.5122549015625 0.3077342046875
1 0.44485294062499997 0.2832244015625 0.5122549015625 0.2832244015625 0.5073529406249999 0.10620915 0.44117647031249996 0.08986928125 0.44485294062499997 0.2832244015625
1 0.3700980390625 0.275054465625 0.44240196093749995 0.28050108906250004 0.44240196093749995 0.0490196078125 0.37132352968750004 0.0408496734375 0.3700980390625 0.275054465625
1 0.2990196078125 0.2641612203125 0.375 0.275054465625 0.373774509375 0.0408496734375 0.30392156875 0.0245098046875 0.2990196078125 0.2641612203125
1 0.221813725 0.25326797343749996 0.2990196078125 0.26688453125 0.305147059375 0.027233115625 0.23039215624999998 0.01633986875 0.221813725 0.25326797343749996
1 0.13970588281250002 0.23692810468749997 0.2193627453125 0.2641612203125 0.23529411718749998 0.01633986875 0.1568627453125 0.0027233109375 0.13970588281250002 0.23692810468749997
1 0.768382353125 0.669934640625 0.6911764703125 0.669934640625 0.714460784375 0.9340958609375001 0.794117646875 0.939542484375 0.768382353125 0.669934640625
1 0.6176470593750001 0.678104575 0.634803921875 0.936819171875 0.71323529375 0.9313725484375001 0.6899509796875 0.66176470625 0.6176470593750001 0.678104575
1 0.5392156859375 0.650871459375 0.552696078125 0.939542484375 0.63357843125 0.9286492375 0.61642156875 0.634531590625 0.5392156859375 0.650871459375
1 0.4620098046875 0.66176470625 0.4681372546875 0.9449891062500001 0.55392156875 0.939542484375 0.5379901953124999 0.6481481484375 0.4620098046875 0.66176470625
1 0.3811274515625 0.6726579515625 0.376225490625 0.955882353125 0.4669117640625 0.936819171875 0.4583333328125 0.6644880171875001 0.3811274515625 0.6726579515625
3 0.2818627453125 0.9422657953125 0.3799019609375 0.9477124187499999 0.3811274515625 0.6726579515625 0.2904411765625 0.678104575 0.2818627453125 0.9422657953125
1 0.2892156859375 0.6808278859375 0.1985294125 0.6835511984375 0.1838235296875 0.9586056640624999 0.221813725 0.9994553375 0.2279411765625 0.9504357296875 0.2830882359375 0.9586056640624999 0.2892156859375 0.6808278859375
3 0.13970588281250002 0.242374728125 0.1568627453125 0.010893246875 0.080882353125 0 0.0588235296875 0.23148148124999998 0.13970588281250002 0.242374728125
3 0 0.9613289765624999 0.0870098046875 0.9667755984375 0.1078431375 0.6753812640625 0.009803921875 0.6835511984375 0 0.9613289765624999
3 0.0857843140625 0.9640522875 0.1838235296875 0.9586056640624999 0.1936274515625 0.6889978218749999 0.1017156859375 0.678104575 0.0857843140625 0.9640522875
3 0 0.242374728125 0.0588235296875 0.2450980390625 0.0857843140625 0.0408496734375 0.001225490625 0.032679739062500004 0 0.027233115625 0 0.242374728125
3 0.7990196078125 0.9286492375 0.8713235296875 0.9286492375 0.8419117640625 0.6917211328125 0.765931371875 0.669934640625 0.7990196078125 0.9286492375