2 0.9461691734375 0 0.9516294875 0.020906303125 0.9566822359374999 0.030852359375 0.959686721875 0.0398841296875 0.9613958796875 0.039734596875 0.9579195531250001 0 0.9461691734375 0
3 0.9841816937500001 0.3001776546875 0.98365951875 0.2942091671875 0.9760161140625 0.265900509375 0.969857915625 0.2489435125 0.9636658765625 0.22597530312499997 0.9605800765625 0.210389734375 0.9579010703125 0.2078904015625 0.9546117609375001 0.19560309375 0.952712721875 0.19358226875 0.9392300078125 0.137900596875 0.9367476953124999 0.134837315625 0.922837084375 0.133320621875 0.903113971875 0.1328591984375 0.89310319375 0.133735028125 0.8922689437500001 0.1354482453125 0.8923027859375001 0.1414594546875 0.893944034375 0.1489702640625 0.917362584375 0.23385351562499998 0.92845815 0.26787432031249997 0.9294550296875 0.2792687046875 0.9330496 0.2866086203125 0.9384550828125 0.2921498734375 0.9418802109375 0.2891164984375 0.949842728125 0.287326384375 0.9560145484374999 0.2988147609375 0.9665949749999999 0.304450009375 0.9735944562500001 0.29727671875 0.9783691953125 0.3012329265625 0.9841816937500001 0.3001776546875
3 0.874856928125 0.28513890625 0.930268840625 0.28575841875 0.8881860406250001 0.1281510515625 0.8359619046875 0.121785215625 0.874856928125 0.28513890625
3 0.8160198875000001 0.287552765625 0.8765865249999999 0.27678644218750004 0.8352498484374999 0.1136463703125 0.7790918140625 0.1185595625 0.8160198875000001 0.287552765625
3 0.7584036734375 0.2898598171875 0.8147990609375 0.2876595734375 0.7759040374999999 0.12430588281249999 0.7200174203125 0.11826047343749999 0.7584036734375 0.2898598171875
3 0.691529615625 0.28477568125 0.7542664890624999 0.2847543453125 0.7192712984375 0.1237931796875 0.6609430296875 0.11796138437499999 0.691529615625 0.28477568125
3 0.6270631468750001 0.2931494828125 0.6890879625 0.2849892984375 0.65948485 0.11535524531250001 0.5994269812499999 0.1178759125 0.6270631468750001 0.2931494828125
3 0.563817503125 0.301416471875 0.6295048000000001 0.29293586562499996 0.6006478093750001 0.117769103125 0.53645275625 0.1151843015625 0.563817503125 0.301416471875
3 0.49545120000000004 0.3073977484375 0.5625966765625 0.30152328125 0.53523193125 0.115291109375 0.4724950578125 0.1153124453125 0.49545120000000004 0.3073977484375
1 0.426169553125 0.28885568125 0.49331502968749996 0.2829812125 0.47300382656249995 0.1070667921875 0.40565506406249996 0.0965567609375 0.426169553125 0.28885568125
1 0.350987059375 0.287232153125 0.4234905484375 0.2863563484375 0.4033156078125 0.055755725 0.33179559531249997 0.053811771875000004 0.350987059375 0.287232153125
1 0.2792296953125 0.282575253125 0.3558703671875 0.28680491875 0.33423724843749997 0.053598154687499996 0.2632260046875 0.043408550000000004 0.2792296953125 0.282575253125
1 0.2013681953125 0.2784523953125 0.279467046875 0.2852882015625 0.26468418437499996 0.0460146890625 0.1892643375 0.0416782140625 0.2013681953125 0.2784523953125
1 0.118148684375 0.2693308734375 0.19987595 0.28951780625 0.1941476453125 0.0412509796875 0.11482796718749999 0.03452198125 0.118148684375 0.2693308734375
1 0.7821718578125 0.645896925 0.7052597656249999 0.6526258609375 0.75147864375 0.91375250625 0.8313070921874999 0.9122358500000001 0.7821718578125 0.645896925
1 0.6327222140625001 0.6671732171875 0.6723622515625001 0.9234080078125 0.7500204640625 0.9111463656250001 0.70332688125 0.6445938234375 0.6327222140625001 0.6671732171875
1 0.552215771875 0.646879475 0.5908042046875 0.9332771265625001 0.6704293671875 0.9153759703125001 0.62770375 0.6238728484375 0.552215771875 0.646879475
1 0.4762530921875 0.66446020625 0.5070418578125 0.9460728093749999 0.5920250328125001 0.93317031875 0.55075759375 0.6442733359374999 0.4762530921875 0.66446020625
1 0.3966279296875 0.6823613609375 0.41642925468750003 0.9649352421874999 0.5051089734375 0.9380407734375 0.4728279625 0.6674935796875 0.3966279296875 0.6823613609375
3 0.3212388265625 0.9595947546874999 0.419379678125 0.956475971875 0.3966279296875 0.6823613609375 0.3067614484375 0.6956910875 0.3212388265625 0.9595947546874999
1 0.2672116203125 1 0.268234503125 0.9724331749999999 0.3238837671875 0.9757656375 0.305777971875 0.6985108453125 0.215674140625 0.7091276234375 0.22499679375 0.9844171265625 0.24225651875 1 0.2672116203125 1
3 0.1186233890625 0.274756771875 0.1155400234375 0.042660828125 0.038899351562500004 0.0384311609375 0.0370994078125 0.2709543375 0.1186233890625 0.274756771875
3 0.1292477359375 1 0.124620896875 0.7088926078125 0.02766680625 0.725576134375 0.04194614375 1 0.1292477359375 1
3 0.1278053515625 0.9983877046874999 0.22499679375 0.9844171265625 0.21126553750000002 0.7149807546875 0.1187541140625 0.7121395984375 0.1278053515625 0.9983877046874999
3 0 0.28608981718750004 0.0382861703125 0.28451908124999997 0.0473429421875 0.0786981546875 0 0.0782695515625 0 0.28608981718750004
3 0.8352409906249999 0.9009568218749999 0.907269775 0.8946551203125 0.857320284375 0.6611920015625 0.779730203125 0.6461105421875 0.8352409906249999 0.9009568218749999